Datum,Zeit,BEN,NO,NO2,O3,PM10_HVS,PM10_TEOM,PM2.5,SO2
yyyy-mm-dd,hh:mm,µg/m³,µg/m³,µg/m³,µg/m³,µg/m³,µg/m³,µg/m³,µg/m³
2018-06-01,,,,,,16.94,,,
2018-06-01,01:00,0.2,1,14,106,,22,,12.5
2018-06-01,02:00,0.4,1,14,99,,24,,14.7
2018-06-01,03:00,1.1,1,14,98,,24,,17.1
2018-06-01,04:00,0.5,1,10,110,,24,,8.9
2018-06-01,05:00,0.2,1,9,113,,23,,7.1
2018-06-01,06:00,0.3,1,9,104,,23,,6.2
2018-06-01,07:00,0.2,1,9,102,,22,,8.5
2018-06-01,08:00,0.6,1,10,85,,25,,7.8
2018-06-01,09:00,0.3,1,6,96,,23,,6.0
2018-06-01,10:00,0.2,1,4,103,,16,,3.2
2018-06-01,11:00,0.1,1,4,104,,12,,3.2
2018-06-01,12:00,0.1,1,4,102,,13,,3.2
2018-06-01,13:00,0.1,1,4,108,,17,,3.2
2018-06-01,14:00,0.1,1,6,105,,14,,3.1
2018-06-01,15:00,0.1,1,3,108,,8,,2.2
2018-06-01,16:00,0.1,1,4,94,,8,,2.3
2018-06-01,17:00,0.2,1,4,75,,9,,2.3
2018-06-01,18:00,0.2,1,4,73,,9,,2.2
2018-06-01,19:00,0.1,1,4,76,,8,,2.3
2018-06-01,20:00,0.1,1,5,73,,9,,2.2
2018-06-01,21:00,0.2,1,4,86,,8,,2.3
2018-06-01,22:00,0.1,1,4,92,,6,,2.0
2018-06-01,23:00,0.1,1,3,91,,6,,1.8
2018-06-02,,,,,,7.42,,,
2018-06-02,00:00,0.1,1,4,88,,6,,1.8
2018-06-02,01:00,0.1,1,4,89,,8,,1.8
2018-06-02,02:00,0.1,1,4,88,,8,,1.7
2018-06-02,03:00,0.1,1,3,90,,7,,1.7
2018-06-02,04:00,0.1,1,3,89,,9,,1.6
2018-06-02,05:00,0.1,1,3,86,,7,,1.5
2018-06-02,06:00,0.1,1,3,77,,6,,1.4
2018-06-02,07:00,,1,4,76,,8,,1.5
2018-06-02,08:00,,1,4,79,,6,,1.5
2018-06-02,09:00,,1,3,83,,5,,1.8
2018-06-02,10:00,,1,3,88,,7,,1.8
2018-06-02,11:00,,1,3,91,,8,,1.8
2018-06-02,12:00,0.2,1,3,91,,7,,1.7
2018-06-02,13:00,0.2,1,3,86,,6,,1.8
2018-06-02,14:00,0.2,1,4,84,,7,,1.8
2018-06-02,15:00,0.2,1,4,86,,8,,1.9
2018-06-02,16:00,0.2,1,4,79,,9,,1.9
2018-06-02,17:00,0.2,1,3,81,,7,,1.8
2018-06-02,18:00,0.2,1,3,93,,5,,1.8
2018-06-02,19:00,0.2,1,4,93,,6,,1.9
2018-06-02,20:00,0.2,1,4,92,,6,,2.0
2018-06-02,21:00,0.2,1,5,85,,7,,2.2
2018-06-02,22:00,0.2,1,5,79,,8,,2.2
2018-06-02,23:00,0.2,1,5,77,,9,,2.1
2018-06-03,,,,,,12.53,,,
2018-06-03,00:00,0.2,1,5,76,,11,,2.3
2018-06-03,01:00,0.2,1,5,73,,12,,2.2
2018-06-03,02:00,0.2,1,5,67,,12,,2.1
2018-06-03,03:00,0.2,1,6,63,,10,,1.8
2018-06-03,04:00,0.2,1,6,61,,8,,1.7
2018-06-03,05:00,0.3,1,5,65,,9,,1.6
2018-06-03,06:00,0.3,1,4,72,,10,,1.7
2018-06-03,07:00,0.2,1,5,77,,15,,1.7
2018-06-03,08:00,0.2,1,4,76,,17,,1.9
2018-06-03,09:00,0.2,1,5,76,,19,,2.2
2018-06-03,10:00,0.2,1,4,80,,21,,3.1
2018-06-03,11:00,0.2,1,5,86,,19,,4.9
2018-06-03,12:00,0.1,1,4,91,,17,,3.3
2018-06-03,13:00,0.1,1,4,92,,17,,4.2
2018-06-03,14:00,0.1,1,4,96,,18,,3.7
2018-06-03,15:00,0.1,1,4,101,,18,,3.1
2018-06-03,16:00,0.1,1,3,100,,16,,2.0
2018-06-03,17:00,0.1,1,3,102,,12,,1.8
2018-06-03,18:00,0.1,1,4,104,,10,,1.8
2018-06-03,19:00,0.1,1,4,105,,11,,1.6
2018-06-03,20:00,0.1,1,4,92,,10,,1.8
2018-06-03,21:00,0.1,1,5,92,,12,,1.8
2018-06-03,22:00,0.1,1,5,98,,12,,1.8
2018-06-03,23:00,0.1,1,5,102,,13,,1.8
2018-06-04,,,,,,12.91,,,
2018-06-04,00:00,0.1,1,4,105,,14,,1.6
2018-06-04,01:00,0.1,1,4,106,,13,,1.6
2018-06-04,02:00,0.1,1,4,109,,15,,1.6
2018-06-04,03:00,0.1,1,4,106,,14,,1.5
2018-06-04,04:00,0.1,1,3,108,,14,,1.4
2018-06-04,05:00,0.1,1,3,106,,14,,1.4
2018-06-04,06:00,0.1,1,4,94,,13,,1.5
2018-06-04,07:00,0.1,1,3,83,,14,,2.1
2018-06-04,08:00,0.1,1,4,82,,14,,1.8
2018-06-04,09:00,0.1,1,3,91,,14,,1.8
2018-06-04,10:00,0.1,1,3,97,,13,,1.7
2018-06-04,11:00,0.1,1,3,97,,12,,1.7
2018-06-04,12:00,0.1,1,4,101,,10,,3.3
2018-06-04,13:00,0.1,1,4,104,,14,,3.3
2018-06-04,14:00,0.1,1,4,111,,16,,3.4
2018-06-04,15:00,0.1,1,3,117,,14,,2.7
2018-06-04,16:00,0.1,1,3,119,,11,,1.5
2018-06-04,17:00,0.1,1,4,117,,12,,1.5
2018-06-04,18:00,0.1,1,4,117,,12,,1.5
2018-06-04,19:00,0.1,1,4,116,,11,,1.5
2018-06-04,20:00,0.1,1,5,116,,13,,1.5
2018-06-04,21:00,0.1,1,4,114,,12,,1.4
2018-06-04,22:00,0.1,1,5,111,,15,,1.5
2018-06-04,23:00,0.1,1,5,111,,15,,1.5
2018-06-05,,,,,,20.87,,,
2018-06-05,00:00,0.1,1,5,112,,16,,1.7
2018-06-05,01:00,0.1,1,6,109,,16,,1.9
2018-06-05,02:00,0.1,1,5,104,,17,,1.7
2018-06-05,03:00,0.1,1,6,97,,16,,2.0
2018-06-05,04:00,0.1,1,6,88,,19,,2.0
2018-06-05,05:00,0.1,1,7,78,,18,,1.8
2018-06-05,06:00,0.1,1,7,71,,19,,1.4
2018-06-05,07:00,0.1,1,6,67,,19,,1.4
2018-06-05,08:00,0.1,1,6,64,,19,,1.4
2018-06-05,09:00,0.1,1,6,64,,19,,1.4
2018-06-05,10:00,0.1,1,5,74,,19,,1.5
2018-06-05,11:00,0.1,1,6,72,,22,,1.5
2018-06-05,12:00,0.1,1,5,86,,22,,1.7
2018-06-05,13:00,0.1,1,5,85,,19,,1.5
2018-06-05,14:00,0.1,1,4,89,,20,,1.6
2018-06-05,15:00,0.1,1,5,90,,24,,1.6
2018-06-05,16:00,0.1,1,5,91,,27,,2.1
2018-06-05,17:00,0.1,1,6,90,,31,,3.6
2018-06-05,18:00,0.1,1,6,86,,31,,1.7
2018-06-05,19:00,0.1,1,5,80,,25,,1.3
2018-06-05,20:00,0.1,1,6,78,,19,,1.3
2018-06-05,21:00,0.1,1,7,77,,21,,1.2
2018-06-05,22:00,0.1,1,6,84,,22,,1.4
2018-06-05,23:00,0.1,1,5,87,,21,,1.7
2018-06-06,,,,,,17.55,,,
2018-06-06,00:00,0.1,1,6,85,,20,,3.2
2018-06-06,01:00,0.1,1,5,88,,21,,2.4
2018-06-06,02:00,0.1,1,4,90,,20,,1.5
2018-06-06,03:00,,1,4,83,,20,,1.3
2018-06-06,04:00,,1,4,83,,19,,1.2
2018-06-06,05:00,,1,4,84,,18,,1.6
2018-06-06,06:00,,1,4,84,,18,,1.7
2018-06-06,07:00,,1,4,85,,17,,1.7
2018-06-06,08:00,0.1,1,6,85,,17,,3.8
2018-06-06,09:00,0.2,1,6,90,,20,,4.1
2018-06-06,10:00,0.1,1,7,96,,22,,4.8
2018-06-06,11:00,0.2,1,8,103,,22,,6.0
2018-06-06,12:00,0.2,1,7,111,,24,,3.8
2018-06-06,13:00,0.1,1,4,118,,22,,2.4
2018-06-06,14:00,0.1,1,4,125,,17,,2.8
2018-06-06,15:00,0.1,1,5,128,,20,,3.3
2018-06-06,16:00,0.1,1,5,129,,20,,3.1
2018-06-06,17:00,0.1,1,5,130,,17,,3.5
2018-06-06,18:00,0.1,1,5,126,,20,,3.5
2018-06-06,19:00,0.1,1,5,121,,18,,4.0
2018-06-06,20:00,0.1,1,6,114,,18,,4.1
2018-06-06,21:00,0.1,1,7,109,,17,,3.9
2018-06-06,22:00,0.1,1,9,103,,15,,4.2
2018-06-06,23:00,0.1,1,7,101,,14,,3.4
2018-06-07,,,,,,17.40,,,
2018-06-07,00:00,0.1,1,8,100,,14,,3.8
2018-06-07,01:00,0.1,1,9,96,,13,,5.0
2018-06-07,02:00,0.1,1,9,94,,13,,5.4
2018-06-07,03:00,0.1,1,10,92,,12,,6.3
2018-06-07,04:00,0.1,1,9,92,,13,,6.3
2018-06-07,05:00,0.1,1,10,92,,15,,6.9
2018-06-07,06:00,0.1,1,11,91,,13,,7.3
2018-06-07,07:00,0.2,1,10,94,,14,,6.8
2018-06-07,08:00,0.3,1,8,98,,16,,5.4
2018-06-07,09:00,0.3,1,10,95,,17,,4.9
2018-06-07,10:00,0.4,2,16,102,,18,,14.4
2018-06-07,11:00,1.2,1,12,136,,20,,19.6
2018-06-07,12:00,1.6,1,11,142,,24,,25.5
2018-06-07,13:00,1.2,1,7,134,,22,,9.5
2018-06-07,14:00,0.3,1,5,139,,17,,6.7
2018-06-07,15:00,0.4,1,6,145,,17,,8.0
2018-06-07,16:00,0.4,1,6,147,,16,,8.1
2018-06-07,17:00,0.3,1,5,147,,17,,4.6
2018-06-07,18:00,0.2,1,5,149,,18,,3.3
2018-06-07,19:00,0.3,1,5,151,,15,,3.1
2018-06-07,20:00,0.1,1,6,149,,14,,3.2
2018-06-07,21:00,0.2,1,7,149,,14,,3.3
2018-06-07,22:00,0.1,1,6,144,,14,,3.0
2018-06-07,23:00,0.1,1,5,142,,13,,2.0
2018-06-08,,,,,,16.66,,,
2018-06-08,00:00,0.1,1,5,140,,12,,3.9
2018-06-08,01:00,0.1,1,7,119,,15,,4.6
2018-06-08,02:00,0.1,1,7,111,,15,,4.3
2018-06-08,03:00,0.2,1,7,106,,15,,4.6
2018-06-08,04:00,0.2,1,9,101,,15,,5.8
2018-06-08,05:00,0.2,1,10,100,,16,,6.4
2018-06-08,06:00,0.2,1,9,98,,14,,6.1
2018-06-08,07:00,0.2,1,12,94,,15,,11.1
2018-06-08,08:00,0.1,1,4,107,,14,,3.5
2018-06-08,09:00,0.1,1,4,115,,15,,4.9
2018-06-08,10:00,0.7,1,10,129,,15,,14.9
2018-06-08,11:00,1.2,1,12,163,,25,,23.8
2018-06-08,12:00,0.7,1,7,142,,27,,12.6
2018-06-08,13:00,0.3,1,5,138,,25,,7.0
2018-06-08,14:00,0.2,1,5,139,,19,,4.2
2018-06-08,15:00,0.1,1,4,146,,17,,3.4
2018-06-08,16:00,0.1,1,4,147,,19,,2.6
2018-06-08,17:00,0.1,1,4,148,,15,,2.8
2018-06-08,18:00,0.1,1,4,147,,14,,3.4
2018-06-08,19:00,0.2,1,5,139,,16,,5.8
2018-06-08,20:00,0.2,1,5,129,,16,,4.4
2018-06-08,21:00,0.2,1,6,123,,15,,5.4
2018-06-08,22:00,0.1,1,5,132,,14,,3.0
2018-06-08,23:00,0.1,1,5,119,,13,,4.4
2018-06-09,,,,,,16.84,,,
2018-06-09,00:00,0.1,1,7,110,,14,,5.9
2018-06-09,01:00,0.1,1,6,105,,15,,5.3
2018-06-09,02:00,0.1,1,6,104,,15,,5.7
2018-06-09,03:00,0.1,1,7,99,,15,,5.5
2018-06-09,04:00,0.1,1,6,100,,17,,5.5
2018-06-09,05:00,0.1,1,6,105,,18,,4.6
2018-06-09,06:00,0.1,1,5,105,,18,,4.3
2018-06-09,07:00,0.1,1,5,95,,17,,5.0
2018-06-09,08:00,0.1,1,4,102,,18,,4.6
2018-06-09,09:00,0.2,1,3,113,,19,,3.5
2018-06-09,10:00,0.1,1,3,113,,17,,3.3
2018-06-09,11:00,0.2,1,3,115,,17,,3.2
2018-06-09,12:00,0.2,1,3,116,,17,,3.8
2018-06-09,13:00,0.1,1,4,117,,17,,4.5
2018-06-09,14:00,0.1,1,4,102,,16,,2.9
2018-06-09,15:00,0.1,1,5,108,,15,,2.1
2018-06-09,16:00,0.1,1,3,93,,17,,2.1
2018-06-09,17:00,0.1,1,3,92,,15,,2.5
2018-06-09,18:00,0.1,1,3,93,,15,,3.3
2018-06-09,19:00,0.2,1,5,95,,15,,5.2
2018-06-09,20:00,0.4,1,4,92,,13,,4.2
2018-06-09,21:00,0.3,1,9,85,,16,,13.9
2018-06-09,22:00,0.5,1,9,83,,17,,10.2
2018-06-09,23:00,,1,8,86,,14,,9.7
2018-06-10,,,,,,16.82,,,
2018-06-10,00:00,,1,4,91,,12,,3.5
2018-06-10,01:00,,1,4,92,,10,,3.4
2018-06-10,02:00,,1,6,89,,11,,13.0
2018-06-10,03:00,,1,18,73,,15,,26.5
2018-06-10,04:00,0.7,1,17,67,,23,,23.4
2018-06-10,05:00,0.5,1,17,70,,18,,15.3
2018-06-10,06:00,0.9,2,31,61,,17,,25.1
2018-06-10,07:00,1.8,1,9,79,,17,,9.3
2018-06-10,08:00,0.3,2,16,70,,15,,19.3
2018-06-10,09:00,1.8,5,27,65,,18,,38.7
2018-06-10,10:00,1.6,3,16,74,,20,,25.9
2018-06-10,11:00,0.5,1,7,90,,19,,9.7
2018-06-10,12:00,0.3,1,6,92,,19,,9.2
2018-06-10,13:00,0.2,1,8,77,,20,,9.7
2018-06-10,14:00,0.1,1,5,73,,20,,4.9
2018-06-10,15:00,0.1,1,3,70,,18,,3.1
2018-06-10,16:00,0.1,1,3,76,,17,,2.8
2018-06-10,17:00,0.1,1,3,83,,14,,2.6
2018-06-10,18:00,0.1,1,3,93,,13,,2.8
2018-06-10,19:00,0.1,1,3,96,,16,,2.8
2018-06-10,20:00,0.1,1,3,115,,15,,2.7
2018-06-10,21:00,0.1,1,4,110,,10,,2.3
2018-06-10,22:00,0.1,1,6,107,,9,,2.4
2018-06-10,23:00,0.1,1,5,94,,11,,2.4
2018-06-11,,,,,,19.92,,,
2018-06-11,00:00,0.1,1,5,89,,9,,2.3
2018-06-11,01:00,0.1,1,6,81,,7,,2.2
2018-06-11,02:00,0.2,1,6,77,,12,,2.2
2018-06-11,03:00,0.2,1,5,85,,12,,2.1
2018-06-11,04:00,0.2,1,5,88,,12,,2.0
2018-06-11,05:00,0.1,1,5,84,,12,,1.9
2018-06-11,06:00,0.1,1,5,81,,10,,2.8
2018-06-11,07:00,0.1,1,5,80,,14,,2.1
2018-06-11,08:00,0.1,1,5,79,,23,,1.9
2018-06-11,09:00,0.1,1,5,88,,26,,2.2
2018-06-11,10:00,0.1,1,5,87,,23,,2.0
2018-06-11,11:00,0.1,1,4,93,,24,,2.1
2018-06-11,12:00,0.1,1,4,95,,24,,2.1
2018-06-11,13:00,0.1,1,5,92,,23,,2.0
2018-06-11,14:00,0.1,1,4,106,,22,,2.1
2018-06-11,15:00,0.1,1,4,107,,21,,2.1
2018-06-11,16:00,0.1,1,4,100,,20,,2.1
2018-06-11,17:00,0.1,1,4,103,,21,,2.2
2018-06-11,18:00,0.1,1,5,99,,20,,2.2
2018-06-11,19:00,0.1,1,5,99,,23,,2.3
2018-06-11,20:00,0.1,1,6,96,,25,,2.3
2018-06-11,21:00,0.1,1,7,97,,25,,2.2
2018-06-11,22:00,0.1,1,7,93,,24,,2.1
2018-06-11,23:00,0.1,1,6,93,,22,,2.0
2018-06-12,,,,,,14.11,,,
2018-06-12,00:00,0.1,1,6,81,,20,,1.7
2018-06-12,01:00,0.1,1,5,81,,17,,1.6
2018-06-12,02:00,0.1,1,5,81,,13,,1.5
2018-06-12,03:00,0.1,1,7,72,,10,,1.3
2018-06-12,04:00,0.1,1,6,77,,12,,1.2
2018-06-12,05:00,0.1,1,7,66,,12,,1.2
2018-06-12,06:00,0.1,1,7,57,,9,,1.1
2018-06-12,07:00,0.1,1,8,56,,9,,1.0
2018-06-12,08:00,0.1,1,8,52,,11,,1.0
2018-06-12,09:00,0.1,1,7,56,,13,,1.0
2018-06-12,10:00,0.1,1,6,56,,15,,1.0
2018-06-12,11:00,0.1,1,5,61,,16,,1.1
2018-06-12,12:00,0.1,1,5,63,,17,,1.1
2018-06-12,13:00,0.1,1,5,69,,18,,1.1
2018-06-12,14:00,0.1,1,4,78,,19,,1.2
2018-06-12,15:00,0.1,1,5,79,,18,,1.1
2018-06-12,16:00,0.1,1,5,75,,19,,1.1
2018-06-12,17:00,0.1,1,4,78,,19,,1.1
2018-06-12,18:00,0.1,1,5,78,,17,,1.1
2018-06-12,19:00,0.1,1,6,84,,18,,2.1
2018-06-12,20:00,0.1,1,7,83,,18,,1.5
2018-06-12,21:00,0.1,1,7,78,,15,,1.5
2018-06-12,22:00,0.1,1,7,70,,13,,1.4
2018-06-12,23:00,0.1,1,6,74,,13,,1.2
2018-06-13,,,,,,9.70,,,
2018-06-13,00:00,0.1,1,6,71,,13,,1.1
2018-06-13,01:00,0.1,1,6,67,,11,,1.1
2018-06-13,02:00,0.1,1,6,66,,11,,1.1
2018-06-13,03:00,0.1,1,7,65,,12,,1.3
2018-06-13,04:00,0.1,1,6,67,,12,,1.1
2018-06-13,05:00,0.1,1,7,62,,13,,1.1
2018-06-13,06:00,0.1,1,8,57,,12,,1.0
2018-06-13,07:00,0.1,1,8,55,,11,,1.2
2018-06-13,08:00,0.1,1,8,54,,11,,0.5
2018-06-13,09:00,0.1,1,7,52,,11,,0.5
2018-06-13,10:00,0.1,1,6,56,,11,,0.5
2018-06-13,11:00,0.1,1,5,59,,9,,0.5
2018-06-13,12:00,0.1,1,5,61,,9,,0.5
2018-06-13,13:00,0.1,1,5,64,,9,,0.5
2018-06-13,14:00,0.1,1,5,66,,11,,0.5
2018-06-13,15:00,0.1,1,6,64,,12,,1.0
2018-06-13,16:00,0.1,1,6,64,,11,,1.2
2018-06-13,17:00,0.1,1,5,62,,9,,0.5
2018-06-13,18:00,0.1,1,5,58,,8,,0.5
2018-06-13,19:00,,1,6,59,,7,,0.5
2018-06-13,20:00,,1,6,58,,7,,0.5
2018-06-13,21:00,,1,6,55,,8,,0.5
2018-06-13,22:00,,1,7,51,,7,,0.5
2018-06-13,23:00,,1,7,52,,8,,0.5
2018-06-14,,,,,,10.51,,,
2018-06-14,00:00,0.1,1,6,52,,9,,0.5
2018-06-14,01:00,0.1,1,7,49,,7,,0.5
2018-06-14,02:00,0.1,1,7,49,,10,,0.5
2018-06-14,03:00,0.1,1,7,45,,9,,0.5
2018-06-14,04:00,0.1,1,7,43,,9,,1.1
2018-06-14,05:00,0.2,1,7,41,,9,,1.1
2018-06-14,06:00,0.2,1,8,36,,11,,1.1
2018-06-14,07:00,0.2,1,8,36,,11,,1.3
2018-06-14,10:00,,1,5,70,,,,1.8
2018-06-14,11:00,,1,7,58,,,,1.6
2018-06-14,12:00,,1,6,64,,,,1.8
2018-06-14,13:00,,1,6,71,,18,,1.5
2018-06-14,14:00,0.1,1,5,72,,19,,1.1
2018-06-14,15:00,0.1,1,4,76,,18,,0.5
2018-06-14,16:00,0.1,1,4,78,,13,,1.0
2018-06-14,17:00,0.1,1,4,78,,16,,1.7
2018-06-14,18:00,0.1,1,7,81,,15,,4.9
2018-06-14,19:00,0.1,1,8,75,,12,,4.6
2018-06-14,20:00,0.1,1,8,74,,12,,4.1
2018-06-14,21:00,0.2,1,8,78,,13,,4.8
2018-06-14,22:00,0.2,1,6,77,,14,,3.6
2018-06-14,23:00,0.2,1,6,82,,14,,2.2
2018-06-15,,,,,,14.19,,,
2018-06-15,00:00,0.1,1,5,79,,13,,2.5
2018-06-15,01:00,0.1,1,4,82,,11,,1.3
2018-06-15,02:00,0.1,1,5,77,,10,,1.2
2018-06-15,03:00,0.1,1,6,72,,13,,1.2
2018-06-15,04:00,0.1,1,6,74,,12,,1.2
2018-06-15,05:00,0.1,1,6,73,,13,,1.5
2018-06-15,06:00,0.1,1,7,68,,14,,1.8
2018-06-15,07:00,0.1,1,7,69,,15,,1.8
2018-06-15,08:00,0.1,1,7,75,,19,,1.7
2018-06-15,09:00,0.2,1,6,88,,20,,1.8
2018-06-15,10:00,0.1,1,5,94,,19,,1.9
2018-06-15,11:00,0.1,1,5,99,,18,,1.7
2018-06-15,12:00,0.1,1,5,100,,19,,1.5
2018-06-15,13:00,0.1,1,5,104,,17,,1.3
2018-06-15,14:00,0.1,1,5,104,,14,,1.2
2018-06-15,15:00,0.1,1,5,104,,17,,1.2
2018-06-15,16:00,0.1,1,5,102,,17,,1.2
2018-06-15,17:00,0.1,1,5,105,,19,,1.2
2018-06-15,18:00,0.1,1,5,110,,16,,1.2
2018-06-15,19:00,0.1,1,6,106,,16,,1.3
2018-06-15,20:00,0.1,1,7,96,,18,,1.4
2018-06-15,21:00,0.1,1,7,90,,18,,1.5
2018-06-15,22:00,0.1,1,6,93,,18,,1.4
2018-06-15,23:00,0.1,1,6,94,,18,,1.3
2018-06-16,,,,,,20.05,,,
2018-06-16,00:00,0.1,1,7,88,,17,,1.2
2018-06-16,01:00,0.1,1,6,96,,18,,1.3
2018-06-16,02:00,0.1,1,6,102,,17,,2.3
2018-06-16,03:00,0.1,1,5,104,,17,,3.0
2018-06-16,04:00,0.1,1,5,108,,18,,2.4
2018-06-16,05:00,0.1,1,6,105,,18,,2.8
2018-06-16,06:00,0.1,1,7,102,,18,,4.9
2018-06-16,07:00,0.7,1,12,92,,18,,12.1
2018-06-16,08:00,0.6,1,10,97,,18,,9.2
2018-06-16,09:00,0.3,1,9,114,,17,,6.8
2018-06-16,10:00,0.3,1,8,124,,20,,8.0
2018-06-16,11:00,0.5,1,5,121,,21,,5.9
2018-06-16,12:00,0.2,1,7,121,,21,,6.0
2018-06-16,13:00,0.2,1,7,121,,22,,8.0
2018-06-16,14:00,0.1,1,7,128,,26,,7.4
2018-06-16,15:00,0.1,1,6,132,,22,,6.4
2018-06-16,16:00,0.2,1,6,134,,18,,7.0
2018-06-16,17:00,0.2,1,6,133,,21,,5.8
2018-06-16,18:00,0.1,1,7,136,,24,,6.6
2018-06-16,19:00,0.4,1,6,136,,23,,5.5
2018-06-16,20:00,0.1,1,7,136,,21,,4.6
2018-06-16,21:00,0.1,1,6,134,,21,,4.3
2018-06-16,22:00,0.1,1,5,137,,19,,2.9
2018-06-16,23:00,0.1,1,4,137,,18,,1.7
2018-06-17,,,,,,15.03,,,
2018-06-17,00:00,0.1,1,6,123,,18,,4.4
2018-06-17,01:00,0.3,1,14,109,,25,,15.4
2018-06-17,02:00,0.3,1,15,108,,22,,18.6
2018-06-17,03:00,0.7,1,9,117,,19,,11.4
2018-06-17,04:00,0.6,1,13,110,,20,,39.8
2018-06-17,05:00,0.3,1,10,116,,21,,22.9
2018-06-17,06:00,0.2,1,8,125,,18,,8.5
2018-06-17,07:00,0.2,1,9,116,,17,,7.9
2018-06-17,08:00,0.2,1,9,112,,17,,4.7
2018-06-17,09:00,0.1,1,5,115,,17,,2.3
2018-06-17,10:00,0.1,1,4,117,,15,,1.6
2018-06-17,11:00,0.1,1,3,119,,14,,1.5
2018-06-17,12:00,0.1,1,3,116,,10,,1.4
2018-06-17,13:00,0.1,1,3,113,,14,,1.8
2018-06-17,14:00,0.1,1,4,113,,12,,1.5
2018-06-17,15:00,0.1,1,3,107,,11,,1.4
2018-06-17,16:00,0.1,1,3,96,,9,,1.3
2018-06-17,17:00,0.1,1,3,88,,7,,1.5
2018-06-17,18:00,0.1,1,3,78,,10,,1.7
2018-06-17,19:00,0.1,1,4,79,,10,,1.6
2018-06-17,20:00,0.1,1,4,81,,13,,1.6
2018-06-17,21:00,0.2,1,4,80,,12,,1.5
2018-06-17,22:00,0.2,1,5,83,,11,,1.6
2018-06-17,23:00,0.1,1,5,77,,12,,1.7
2018-06-18,00:00,0.1,1,5,71,,14,,1.5
2018-06-18,01:00,0.2,1,5,66,,13,,1.4
2018-06-18,02:00,0.2,1,5,62,,11,,1.2
2018-06-18,03:00,0.1,1,5,55,,12,,1.2
2018-06-18,04:00,0.1,1,6,55,,12,,1.3
2018-06-18,05:00,0.1,1,6,54,,10,,1.3
2018-06-18,06:00,,1,5,51,,12,,1.3
2018-06-18,07:00,,1,6,56,,10,,1.8
2018-06-18,08:00,,1,6,55,,12,,1.5
2018-06-18,09:00,,1,5,66,,15,,1.6
2018-06-18,10:00,,1,4,74,,16,,1.4
2018-06-18,11:00,0.1,1,4,82,,14,,1.3
2018-06-18,12:00,0.1,1,5,79,,14,,1.1
2018-06-18,13:00,0.1,1,6,82,,15,,1.3
2018-06-18,14:00,0.1,1,4,90,,16,,1.4
2018-06-18,15:00,0.1,1,4,90,,13,,1.1
2018-06-18,16:00,0.1,1,4,90,,12,,1.1
2018-06-18,17:00,0.1,1,4,87,,9,,1.1
2018-06-18,18:00,0.1,1,4,87,,9,,1.1
2018-06-18,19:00,0.1,1,4,86,,9,,1.1
2018-06-18,20:00,0.1,1,5,85,,10,,1.1
2018-06-18,21:00,0.1,1,5,84,,10,,1.1
2018-06-18,22:00,0.1,1,5,83,,10,,1.1
2018-06-18,23:00,0.1,1,4,79,,9,,1.1
2018-06-19,00:00,0.1,1,4,75,,11,,1.1
2018-06-19,01:00,0.1,1,5,71,,10,,1.3
2018-06-19,02:00,0.1,1,4,70,,8,,1.2
2018-06-19,03:00,0.1,1,4,70,,8,,1.1
2018-06-19,04:00,0.1,1,4,72,,7,,1.0
2018-06-19,05:00,0.1,1,4,70,,10,,1.0
2018-06-19,06:00,0.1,1,5,73,,8,,1.3
2018-06-19,07:00,0.1,1,5,67,,8,,1.2
2018-06-19,08:00,0.1,1,4,62,,10,,1.1
2018-06-19,09:00,0.1,1,5,58,,10,,1.2
2018-06-19,10:00,0.1,1,5,57,,10,,1.3
2018-06-19,11:00,0.1,1,5,58,,12,,1.3
2018-06-19,12:00,0.1,1,4,63,,12,,1.3
2018-06-19,13:00,0.1,1,4,70,,13,,1.5
2018-06-19,14:00,0.1,1,3,74,,12,,1.5
2018-06-19,15:00,0.1,1,4,75,,8,,1.5
2018-06-19,16:00,0.1,1,4,79,,9,,1.5
2018-06-19,17:00,0.1,1,5,84,,11,,1.5
2018-06-19,18:00,0.1,1,5,89,,11,,1.4
2018-06-19,19:00,0.1,1,5,83,,10,,1.5
2018-06-19,20:00,0.1,1,4,79,,10,,1.6
2018-06-19,21:00,0.1,1,5,76,,11,,2.7
2018-06-19,22:00,0.1,1,6,73,,10,,2.9
2018-06-19,23:00,0.1,1,6,67,,10,,1.6
2018-06-20,00:00,0.1,1,5,67,,10,,1.8
2018-06-20,01:00,0.1,1,5,66,,11,,2.0
2018-06-20,02:00,0.1,1,5,66,,9,,1.8
2018-06-20,03:00,0.1,1,5,64,,10,,1.9
2018-06-20,04:00,0.1,1,5,60,,11,,1.6
2018-06-20,05:00,0.1,1,6,57,,10,,2.1
2018-06-20,06:00,0.1,1,5,59,,11,,2.0
2018-06-20,07:00,0.1,1,4,54,,10,,1.7
2018-06-20,08:00,0.1,1,4,62,,9,,4.5
2018-06-20,09:00,0.4,3,13,62,,12,,13.0
2018-06-20,10:00,1.4,3,13,75,,15,,20.5
2018-06-20,11:00,0.3,2,8,79,,15,,14.2
2018-06-20,12:00,0.1,1,4,93,,18,,4.9
2018-06-20,13:00,0.1,1,5,101,,12,,4.2
2018-06-20,14:00,0.2,1,4,103,,13,,4.5
2018-06-20,15:00,0.2,1,4,106,,13,,3.8
2018-06-20,16:00,0.1,1,4,106,,17,,3.7
2018-06-20,17:00,0.1,1,4,105,,17,,3.9
2018-06-20,18:00,0.1,1,5,105,,15,,4.0
2018-06-20,19:00,0.1,1,5,104,,14,,3.6
2018-06-20,20:00,0.1,1,5,105,,15,,2.6
2018-06-20,21:00,0.1,1,4,108,,12,,2.0
2018-06-20,22:00,0.1,1,4,107,,13,,1.7
2018-06-20,23:00,0.1,1,4,104,,12,,2.2
2018-06-21,00:00,0.1,1,15,89,,12,,8.5
2018-06-21,01:00,0.1,1,6,94,,13,,3.9
2018-06-21,02:00,0.1,1,4,96,,11,,2.2
2018-06-21,03:00,0.1,1,4,96,,11,,2.6
2018-06-21,04:00,0.1,1,4,97,,12,,2.4
2018-06-21,05:00,0.1,1,4,96,,11,,2.3
2018-06-21,06:00,0.1,1,4,99,,12,,1.9
2018-06-21,07:00,0.1,1,3,101,,11,,1.6
2018-06-21,08:00,0.1,1,4,111,,10,,1.7
2018-06-21,09:00,0.1,1,3,116,,11,,1.9
2018-06-21,10:00,0.1,1,3,113,,10,,1.8
2018-06-21,11:00,0.1,1,4,116,,12,,1.7
2018-06-21,12:00,0.1,1,4,118,,13,,2.0
2018-06-21,13:00,0.1,1,4,118,,16,,1.6
2018-06-21,14:00,0.1,1,5,125,,18,,1.4
2018-06-21,15:00,0.1,1,5,80,,33,,1.1
2018-06-21,16:00,0.1,1,6,65,,33,,1.1
2018-06-21,17:00,0.1,1,6,69,,14,,1.1
2018-06-21,18:00,0.1,1,5,71,,8,,0.5
2018-06-21,19:00,0.1,1,6,75,,8,,0.5
2018-06-21,20:00,0.1,1,5,79,,11,,1.0
2018-06-21,21:00,0.1,1,5,75,,11,,1.0
2018-06-21,22:00,0.1,1,5,75,,12,,1.1
2018-06-21,23:00,0.1,1,6,71,,10,,0.5
2018-06-22,00:00,0.1,1,6,69,,9,,0.5
2018-06-22,01:00,0.1,1,5,67,,7,,0.5
2018-06-22,02:00,,1,5,63,,6,,0.5
2018-06-22,03:00,,1,6,62,,7,,1.4
2018-06-22,04:00,,1,5,63,,6,,1.2
2018-06-22,05:00,,1,5,61,,5,,0.5
2018-06-22,06:00,,1,4,61,,7,,0.5
2018-06-22,07:00,0.1,1,4,60,,6,,0.5
2018-06-22,08:00,0.1,1,5,58,,7,,0.5
2018-06-22,09:00,0.1,1,5,57,,7,,0.5
2018-06-22,10:00,0.1,1,5,57,,6,,0.5
2018-06-22,11:00,0.1,1,4,55,,3,,0.5
2018-06-22,12:00,0.1,1,4,54,,3,,0.5
2018-06-22,13:00,0.1,1,5,51,,3,,0.5
2018-06-22,14:00,0.1,1,5,49,,1,,0.5
2018-06-22,15:00,0.1,1,5,52,,4,,0.5
2018-06-22,16:00,0.1,1,5,53,,5,,0.5
2018-06-22,17:00,0.1,1,4,60,,6,,0.5
2018-06-22,18:00,0.1,1,4,61,,6,,0.5
2018-06-22,19:00,0.1,1,5,58,,5,,0.5
2018-06-22,20:00,0.1,1,5,58,,5,,0.5
2018-06-22,21:00,0.1,1,5,61,,3,,0.5
2018-06-22,22:00,0.1,1,5,61,,4,,0.5
2018-06-22,23:00,0.1,1,5,56,,5,,0.5
2018-06-23,00:00,0.1,1,6,50,,4,,0.5
2018-06-23,01:00,0.1,1,7,48,,3,,0.5
2018-06-23,02:00,0.1,1,6,49,,4,,0.5
2018-06-23,03:00,0.1,1,5,49,,5,,0.5
2018-06-23,04:00,0.1,1,5,53,,6,,0.5
2018-06-23,05:00,0.1,1,5,52,,7,,0.5
2018-06-23,06:00,0.1,1,4,54,,7,,0.5
2018-06-23,07:00,0.1,1,4,55,,8,,0.5
2018-06-23,08:00,0.1,1,5,55,,9,,0.5
2018-06-23,09:00,0.1,1,4,58,,8,,0.5
2018-06-23,10:00,0.1,1,4,60,,9,,0.5
2018-06-23,11:00,0.1,1,4,60,,9,,0.5
2018-06-23,12:00,0.1,1,4,55,,8,,0.5
2018-06-23,13:00,0.1,1,4,53,,3,,0.5
2018-06-23,14:00,0.1,1,4,53,,1,,0.5
2018-06-23,15:00,0.1,1,4,51,,2,,0.5
2018-06-23,16:00,0.1,1,4,51,,5,,0.5
2018-06-23,17:00,0.1,1,4,54,,6,,0.5
2018-06-23,18:00,0.1,1,5,52,,5,,0.5
2018-06-23,19:00,0.1,1,5,51,,5,,0.5
2018-06-23,20:00,0.1,1,5,50,,6,,0.5
2018-06-23,21:00,0.2,1,6,51,,4,,0.5
2018-06-23,22:00,0.1,1,6,54,,3,,1.0
2018-06-23,23:00,0.2,1,6,56,,3,,1.1
2018-06-24,00:00,0.2,1,6,55,,5,,0.5
2018-06-24,01:00,0.2,1,4,56,,3,,0.5
2018-06-24,02:00,0.1,1,5,53,,2,,0.5
2018-06-24,03:00,0.1,1,5,53,,3,,0.5
2018-06-24,04:00,0.1,1,5,52,,3,,0.5
2018-06-24,05:00,0.1,1,4,50,,3,,0.5
2018-06-24,06:00,0.1,1,4,51,,1,,0.5
2018-06-24,07:00,0.1,1,5,52,,2,,0.5
2018-06-24,08:00,0.1,1,5,51,,2,,0.5
2018-06-24,09:00,0.1,1,4,51,,5,,0.5
2018-06-24,10:00,0.1,1,4,49,,6,,0.5
2018-06-24,11:00,0.1,1,3,57,,8,,0.5
2018-06-24,12:00,0.1,1,3,66,,8,,0.5
2018-06-24,13:00,0.1,1,3,71,,9,,0.5
2018-06-24,14:00,0.1,1,4,69,,10,,1.1
2018-06-24,15:00,0.1,1,4,66,,10,,1.3
2018-06-24,16:00,0.1,1,3,67,,9,,1.6
2018-06-24,17:00,0.1,1,3,69,,9,,1.0
2018-06-24,18:00,0.1,1,4,62,,10,,1.2
2018-06-24,19:00,0.1,1,5,61,,10,,2.0
2018-06-24,20:00,0.1,1,5,63,,11,,2.2
2018-06-24,21:00,0.1,1,6,64,,8,,3.7
2018-06-24,22:00,0.1,1,6,59,,7,,2.6
2018-06-24,23:00,0.1,1,6,56,,6,,3.1
2018-06-25,00:00,0.1,1,5,55,,5,,2.6
2018-06-25,01:00,0.1,1,5,51,,5,,1.2
2018-06-25,02:00,0.1,1,5,48,,3,,9.4
2018-06-25,03:00,0.1,1,5,41,,2,,1.2
2018-06-25,04:00,0.1,1,5,39,,1,,1.4
2018-06-25,05:00,0.1,1,5,34,,1,,1.8
2018-06-25,06:00,0.1,1,5,32,,1,,1.7
2018-06-25,07:00,0.1,1,5,34,,0,,1.5
2018-06-25,08:00,0.1,1,4,38,,1,,0.5
2018-06-25,09:00,0.1,1,4,42,,4,,0.5
2018-06-25,10:00,0.1,1,4,41,,4,,1.1
2018-06-25,11:00,0.1,1,5,43,,4,,1.3
2018-06-25,12:00,0.1,1,4,51,,5,,2.8
2018-06-25,13:00,0.1,1,3,66,,9,,1.6
2018-06-25,14:00,0.1,1,3,65,,12,,4.8
2018-06-25,15:00,0.1,1,3,73,,14,,3.4
2018-06-25,16:00,0.1,1,3,81,,11,,1.4
2018-06-25,17:00,0.1,1,4,90,,11,,7.3
2018-06-25,18:00,0.1,1,4,92,,12,,8.3
2018-06-25,19:00,0.1,1,5,93,,14,,4.8
2018-06-25,20:00,0.1,1,6,88,,19,,7.1
2018-06-25,21:00,0.1,1,6,87,,18,,7.9
2018-06-25,22:00,,1,7,84,,18,,8.4
2018-06-25,23:00,,1,7,76,,17,,5.9
2018-06-26,00:00,,1,8,50,,16,,2.0
2018-06-26,01:00,,1,9,41,,16,,1.6
2018-06-26,02:00,,1,8,41,,16,,1.7
2018-06-26,03:00,0.1,1,8,38,,16,,1.6
2018-06-26,04:00,0.1,1,8,35,,16,,1.2
2018-06-26,05:00,0.1,1,7,37,,13,,0.5
2018-06-26,06:00,0.1,1,6,39,,14,,0.5
2018-06-26,07:00,0.1,1,6,36,,16,,0.5
2018-06-26,08:00,0.3,1,5,41,,17,,0.5
2018-06-26,09:00,0.1,1,5,54,,16,,0.5
2018-06-26,10:00,0.1,1,4,59,,14,,0.5
2018-06-26,11:00,0.1,1,4,62,,13,,0.5
2018-06-26,12:00,0.1,1,4,68,,12,,0.5
2018-06-26,13:00,0.1,1,3,75,,15,,0.5
2018-06-26,14:00,0.1,1,3,79,,15,,0.5
2018-06-26,15:00,0.1,1,3,79,,14,,0.5
2018-06-26,16:00,0.1,1,3,80,,14,,1.0
2018-06-26,17:00,0.1,1,4,79,,13,,0.5
2018-06-26,18:00,0.1,1,4,79,,10,,1.0
2018-06-26,19:00,0.1,1,4,79,,12,,1.1
2018-06-26,20:00,0.1,1,4,74,,11,,1.2
2018-06-26,21:00,0.2,1,5,71,,9,,1.5
2018-06-26,22:00,0.2,1,6,71,,10,,1.2
2018-06-26,23:00,0.3,1,6,70,,10,,1.2
2018-06-27,00:00,0.2,1,6,66,,10,,1.2
2018-06-27,01:00,0.1,1,6,62,,9,,1.2
2018-06-27,02:00,0.1,1,7,59,,8,,1.2
2018-06-27,03:00,0.1,1,7,58,,9,,1.2
2018-06-27,04:00,0.1,1,7,53,,9,,1.0
2018-06-27,05:00,0.1,1,7,50,,10,,1.1
2018-06-27,06:00,0.1,1,6,48,,9,,1.1
2018-06-27,07:00,0.1,1,5,58,,9,,0.5
2018-06-27,08:00,0.1,1,4,71,,7,,1.0
2018-06-27,09:00,0.1,1,3,75,,6,,0.5
2018-06-27,10:00,0.1,1,3,79,,6,,1.1
2018-06-27,11:00,0.1,1,3,81,,8,,1.9
2018-06-27,12:00,0.1,1,3,84,,9,,1.4
2018-06-27,13:00,0.1,1,3,85,,9,,0.5
2018-06-27,14:00,0.1,1,3,86,,6,,0.5
2018-06-27,15:00,0.1,1,2,89,,11,,0.5
2018-06-27,16:00,0.1,1,3,94,,12,,0.5
2018-06-27,17:00,0.1,1,3,95,,8,,0.5
2018-06-27,18:00,0.1,1,3,95,,11,,0.5
2018-06-27,19:00,0.1,1,3,96,,11,,0.5
2018-06-27,20:00,0.1,1,3,96,,9,,0.5
2018-06-27,21:00,0.1,1,4,95,,12,,1.5
2018-06-27,22:00,0.1,1,4,92,,12,,1.1
2018-06-27,23:00,0.1,1,5,90,,10,,1.0
2018-06-28,00:00,0.1,1,5,88,,12,,1.2
2018-06-28,01:00,0.1,1,5,80,,11,,1.5
2018-06-28,02:00,0.1,1,6,79,,12,,1.7
2018-06-28,03:00,0.1,1,8,65,,11,,1.5
2018-06-28,04:00,0.1,1,8,63,,12,,1.8
2018-06-28,05:00,0.1,1,10,59,,13,,1.9
2018-06-28,06:00,0.1,1,8,56,,14,,1.6
2018-06-28,07:00,0.1,1,8,53,,14,,2.0
2018-06-28,08:00,0.2,1,9,63,,16,,3.5
2018-06-28,09:00,0.2,1,8,70,,15,,3.7
2018-06-28,10:00,0.1,1,8,72,,15,,3.0
2018-06-28,11:00,0.1,1,6,80,,17,,2.7
2018-06-28,12:00,0.1,1,5,87,,18,,2.6
2018-06-28,13:00,0.1,1,7,84,,16,,3.0
2018-06-28,14:00,0.1,1,7,78,,14,,2.5
2018-06-28,15:00,0.1,1,5,77,,12,,1.7
2018-06-28,16:00,0.1,1,4,79,,10,,1.4
2018-06-28,17:00,0.1,1,5,74,,9,,1.4
2018-06-28,18:00,0.1,1,7,73,,10,,1.5
2018-06-28,19:00,0.2,1,7,73,,10,,1.6
2018-06-28,20:00,0.1,1,8,75,,13,,2.0
2018-06-28,21:00,0.1,1,7,73,,15,,2.2
2018-06-28,22:00,0.2,1,8,71,,15,,2.3
2018-06-28,23:00,0.1,1,8,74,,15,,2.1
2018-06-29,00:00,0.1,1,7,72,,14,,1.8
2018-06-29,01:00,0.1,1,6,73,,15,,1.7
2018-06-29,02:00,0.2,1,7,69,,14,,1.7
2018-06-29,03:00,0.1,1,6,68,,15,,1.6
2018-06-29,04:00,0.1,1,6,68,,15,,1.8
2018-06-29,05:00,0.1,1,7,73,,14,,2.0
2018-06-29,06:00,0.1,1,6,72,,14,,2.2
2018-06-29,07:00,0.1,1,7,65,,13,,2.1
2018-06-29,08:00,0.2,1,6,56,,14,,2.1
2018-06-29,09:00,0.2,1,6,61,,14,,2.5
2018-06-29,10:00,0.1,1,6,82,,15,,3.8
2018-06-29,11:00,0.2,1,6,93,,17,,4.9
2018-06-29,12:00,0.2,1,4,106,,19,,3.4
2018-06-29,13:00,0.1,1,3,110,,18,,2.2
2018-06-29,14:00,0.1,1,3,114,,14,,2.0
2018-06-29,15:00,0.1,1,3,121,,12,,1.8
2018-06-29,16:00,0.1,1,4,125,,14,,1.5
2018-06-29,17:00,0.1,1,3,127,,12,,1.4
2018-06-29,18:00,,1,3,126,,12,,1.2
2018-06-29,19:00,,1,3,125,,12,,1.3
2018-06-29,20:00,,1,4,120,,13,,1.5
2018-06-29,21:00,,1,6,115,,14,,1.7
2018-06-29,22:00,,1,6,106,,13,,1.6
2018-06-29,23:00,0.1,1,7,94,,14,,1.4
2018-06-30,00:00,0.1,1,6,90,,15,,1.7
2018-06-30,01:00,0.1,1,5,84,,14,,1.7
2018-06-30,02:00,0.1,1,5,76,,15,,1.6
2018-06-30,03:00,0.1,1,7,64,,15,,2.2
2018-06-30,04:00,0.1,1,6,59,,14,,1.9
2018-06-30,05:00,0.1,1,5,60,,14,,1.4
2018-06-30,06:00,0.1,1,4,60,,13,,1.0
2018-06-30,07:00,0.1,1,4,60,,10,,0.5
2018-06-30,08:00,0.1,1,3,62,,7,,0.5
2018-06-30,09:00,0.1,1,3,65,,5,,0.5
2018-06-30,10:00,0.1,1,4,64,,2,,2.4
2018-06-30,11:00,0.1,1,3,67,,8,,2.3
2018-06-30,12:00,0.1,1,3,69,,7,,1.7
2018-06-30,13:00,0.1,1,3,73,,6,,2.7
2018-06-30,14:00,0.1,1,3,76,,8,,3.2
2018-06-30,15:00,0.1,1,3,77,,8,,2.1
2018-06-30,16:00,0.1,1,2,78,,8,,1.3
2018-06-30,17:00,0.1,1,2,81,,8,,1.7
2018-06-30,18:00,0.1,1,3,83,,9,,2.3
2018-06-30,19:00,0.1,1,4,81,,9,,2.2
2018-06-30,20:00,0.1,1,4,76,,9,,2.2
2018-06-30,21:00,0.1,1,4,74,,8,,2.5
2018-06-30,22:00,0.1,1,5,73,,8,,2.9
2018-06-30,23:00,0.1,1,5,70,,8,,2.6
2018-07-01,00:00,0.1,1,6,67,,9,,3.1
